000001001
101111110
000100010
011000000
000100011
101000010
110000010
101000011
110000011
101000010
110000010
101000011
110000011
101000010
110000010
101000011
110000011
101000010
110000010
101000011
110000000
111100001
110000000
111010011
101001111
011000000
011000010
000110011
001000001
101000010
111000000
110100100
001000011
101000010
111000000
101101010
101010100
111010010
001000101
101000011
111000000
111100000
101000101
111100000
110000000
110000000
110000000
110000000
101010010
111010010
001000111
101000011
111000000
111100000
101000010
111000000
111100000
110000000
110000000
101010010
111010010
001001001
101000011
111000000
111100000
101000010
111000000
111100000
110000000
101010010
111010010
101000011
111100000
101000010
111100001
111010010
101001111
011000010
000110010
101001111
011000100
001001011
100100000
