001001010
101111110
000100010
011000000
000100011
101000010
101101010
101000011
101101100
001010000
101101000
101111100
001001101
101000011
111000001
001010000
100001001
101000100
101011110
111010100
101000010
110000010
101000011
110000011
001001111
101001110
111001100
011000000
101111100
100100001
101000100
001010001
100000010
101000101
111100000
101000110
111100000
001010001
100011011
001001101
101101101
001010000
001010001
100000100
001001100
101101110
101010100
001011100
100110101
101110001
001010000
001010001
100000110
101000001
001011101
000011000
101001000
001010001
100000011
001010000
101111000
101000111
111001011
110100111
101001100
011000000
101111000
101011000
100100111
101010100
001011100
100111000
101000111
101010110
111010110
001010000
001010001
100000010
101000111
101010101
111010101
101000110
110100110
001010101
101000101
111000000
110000010
001000011
101000101
111000001
101000010
111010101
001011001
101000101
111010000
101000110
110100110
101000101
110100101
111001100
101000110
110100110
101000101
110100101
111001100
101000110
110100110
101000101
110100101
111001100
101000110
110100110
101000101
110100101
101000100
001010001
100000100
001010111
101000110
111010110
101001111
111001100
010000010
000110101
011000000
000110110
101001111
011000100
101111110
001011111
100101010
