001010000
101111110
000100010
011000000
000100011
001111110
101101000
001010000
101101010
001011001
101101101
101101110
101110110
101111100
101000010
101010100
111011100
101000011
101010101
111011101
101000110
101011100
111001100
101000111
101011101
111001101
101001100
101011101
000000000
001010001
100011100
101001000
111000001
011000000
101110000
001101000
101011110
100111100
101001011
001011011
111111011
101001001
011000000
101110010
111000000
101000100
110100100
101000101
110100101
111000000
101000110
110100110
101000111
110100111
101001110
111000001
011000000
001010101
100101101
101011011
101001010
111001100
000001010
101001111
111001100
011000000
111001100
001001011
100111010
001111100
101100100
001111110
101101000
001011000
101101100
001010000
101110110
101111100
101000010
101010100
111011100
101000110
101011100
111000000
001010001
100011110
101001000
011000000
101110000
101001001
111001101
011000000
101110010
101001011
001011011
111111011
101000100
110100100
101000110
110100110
101001110
011000000
001101001
100101111
101001010
101011011
000001010
001100010
000111001
001100100
000111010
001100110
000111000
